256                 0                   1
256                 1                   2
222.608695652174	1.73913043478261	2
193.572778827977	2.38185255198488	2
168.324155502589	2.94074134955207	2
146.368830871817	3.42673160830615	2
127.277244236362	3.84933183330969	2
110.675864553358	4.21681028983452	2
96.2398822203117	4.53635677376914	2
83.6868541046189	4.81422328153839	2
72.7711774822773	5.05584633177251	2
63.2792847671977	5.2659533319761	    2
55.0254650149545	5.44865507128356	2
47.8482304477865	5.60752614894223	2
41.6071569111187	5.74567491212368	2
36.1801364444511	5.8658042714119	    2
31.4609882125662	5.97026458383643	2
27.3573810544053	6.06109963811864	2
23.7890270038307	6.14008664184229	2
20.6861104381137	6.20877099290634	2
17.9879221200989	6.26849651557073	2
15.6416714087816	6.3204317526702	    2
13.6014533989405	6.36559282840887	2
